atlas 2048 2048 56 14
font 0 55.500 12.000
font 1 55.500 12.000
font 2 58.250 16.250
font 3 60.000 35.500
g 0 32 15.340 0 0 0 0 0 0
g 0 33 15.914 152 694 44 69 -14.000 -54.000
g 0 34 21.957 197 694 50 69 -14.000 -55.000
g 0 35 33.086 1711 835 61 68 -14.000 -54.000
g 0 36 30.188 1245 86 59 79 -14.000 -59.000
g 0 37 45.828 883 478 74 71 -14.000 -55.000
g 0 38 44.816 1008 551 73 70 -14.000 -54.000
g 0 39 12.879 248 694 41 69 -14.000 -55.000
g 0 40 16.898 1717 248 45 76 -14.000 -53.000
g 0 41 16.898 1763 248 45 76 -14.000 -53.000
g 0 42 23.352 1773 835 52 68 -14.000 -54.000
g 0 43 38.309 274 1180 67 58 -14.000 -44.000
g 0 44 12.141 1836 1298 41 43 -14.000 -21.000
g 0 45 22.395 1483 1298 51 44 -14.000 -30.000
g 0 46 12.141 509 1351 41 35 -14.000 -20.000
g 0 47 21.820 1809 248 50 76 -14.000 -55.000
g 0 48 30.188 290 694 59 69 -14.000 -54.000
g 0 49 30.188 350 694 59 69 -14.000 -55.000
g 0 50 30.188 410 694 59 69 -14.000 -55.000
g 0 51 30.188 470 694 59 69 -14.000 -54.000
g 0 52 30.188 530 694 59 69 -14.000 -54.000
g 0 53 30.188 590 694 59 69 -14.000 -54.000
g 0 54 30.188 650 694 59 69 -14.000 -54.000
g 0 55 30.188 1826 835 59 68 -14.000 -54.000
g 0 56 30.188 710 694 59 69 -14.000 -54.000
g 0 57 30.188 770 694 59 69 -14.000 -54.000
g 0 58 12.141 1756 1180 41 57 -14.000 -42.000
g 0 59 12.141 1065 1112 41 65 -14.000 -43.000
g 0 60 38.309 0 1180 67 59 -14.000 -45.000
g 0 61 38.309 1947 1240 67 53 -14.000 -39.000
g 0 62 38.309 68 1180 67 59 -14.000 -45.000
g 0 63 25.102 1082 551 53 70 -14.000 -55.000
g 0 64 53.484 1860 248 82 76 -14.000 -51.000
g 0 65 36.121 1886 835 64 68 -14.000 -54.000
g 0 66 32.102 1951 835 60 68 -14.000 -54.000
g 0 67 34.672 1136 551 63 70 -14.000 -55.000
g 0 68 39.266 0 905 68 68 -14.000 -54.000
g 0 69 28.328 69 905 57 68 -14.000 -54.000
g 0 70 27.344 127 905 56 68 -14.000 -54.000
g 0 71 38.418 1200 551 67 70 -14.000 -55.000
g 0 72 39.758 184 905 68 68 -14.000 -54.000
g 0 73 14.902 253 905 43 68 -14.000 -54.000
g 0 74 19.988 1082 0 48 81 -14.000 -54.000
g 0 75 32.484 830 694 61 69 -14.000 -55.000
g 0 76 26.359 297 905 55 68 -14.000 -54.000
g 0 77 50.285 353 905 79 68 -14.000 -54.000
g 0 78 41.891 433 905 70 68 -14.000 -54.000
g 0 79 42.219 892 694 71 69 -14.000 -54.000
g 0 80 31.363 504 905 60 68 -14.000 -54.000
g 0 81 42.219 1443 168 71 78 -14.000 -54.000
g 0 82 33.496 565 905 62 68 -14.000 -54.000
g 0 83 29.750 964 694 58 69 -14.000 -54.000
g 0 84 29.340 628 905 58 68 -14.000 -54.000
g 0 85 38.473 1023 694 67 69 -14.000 -54.000
g 0 86 34.781 687 905 63 68 -14.000 -54.000
g 0 87 52.309 751 905 81 68 -14.000 -54.000
g 0 88 33.031 833 905 61 68 -14.000 -54.000
g 0 89 30.953 895 905 59 68 -14.000 -54.000
g 0 90 31.938 955 905 60 68 -14.000 -54.000
g 0 91 16.898 859 248 45 77 -14.000 -54.000
g 0 92 21.219 1943 248 51 76 -15.000 -55.000
g 0 93 16.898 905 248 45 77 -14.000 -54.000
g 0 94 38.309 1091 694 67 69 -14.000 -55.000
g 0 95 23.242 403 1351 52 37 -14.000 -14.000
g 0 96 15.012 958 478 43 71 -14.000 -57.000
g 0 97 28.492 342 1180 57 58 -14.000 -42.000
g 0 98 32.922 1002 478 61 71 -14.000 -56.000
g 0 99 25.867 1798 1180 54 57 -14.000 -42.000
g 0 100 32.977 830 404 61 72 -14.000 -56.000
g 0 101 29.285 1853 1180 58 57 -14.000 -42.000
g 0 102 17.527 1268 551 47 70 -14.000 -56.000
g 0 103 32.977 1316 551 61 70 -14.000 -42.000
g 0 104 31.691 1378 551 60 70 -14.000 -56.000
g 0 105 13.562 1439 551 42 70 -14.000 -56.000
g 0 106 13.562 606 0 47 83 -19.000 -55.000
g 0 107 27.836 1482 551 56 70 -14.000 -56.000
g 0 108 13.562 1539 551 42 70 -14.000 -56.000
g 0 109 48.234 524 1240 77 56 -14.000 -42.000
g 0 110 31.691 602 1240 60 56 -14.000 -42.000
g 0 111 32.812 1912 1180 61 57 -14.000 -42.000
g 0 112 32.922 1159 694 61 69 -14.000 -42.000
g 0 113 32.977 1221 694 61 69 -14.000 -42.000
g 0 114 19.469 663 1240 48 56 -14.000 -42.000
g 0 115 23.762 1974 1180 52 57 -14.000 -42.000
g 0 116 18.977 761 1112 47 66 -14.000 -51.000
g 0 117 31.691 712 1240 60 56 -14.000 -41.000
g 0 118 26.824 773 1240 55 56 -14.000 -41.000
g 0 119 40.469 829 1240 69 56 -14.000 -41.000
g 0 120 25.703 1488 1240 54 55 -14.000 -41.000
g 0 121 27.098 1283 694 55 69 -14.000 -41.000
g 0 122 25.320 1543 1240 54 55 -14.000 -41.000
g 0 123 16.898 951 248 45 77 -14.000 -54.000
g 0 124 13.398 0 0 42 85 -14.000 -57.000
g 0 125 16.898 997 248 45 77 -14.000 -54.000
g 0 126 38.309 784 1298 67 48 -14.000 -34.000
g 0 160 15.340 0 0 0 0 0 0
g 0 161 15.914 1339 694 44 69 -14.000 -43.000
g 0 162 30.188 1016 905 59 68 -14.000 -48.000
g 0 163 30.188 1076 905 59 68 -14.000 -54.000
g 0 164 31.117 400 1180 59 58 -14.000 -44.000
g 0 165 30.188 1136 905 59 68 -14.000 -54.000
g 0 166 13.398 43 0 42 85 -14.000 -57.000
g 0 167 25.102 892 404 53 72 -14.000 -56.000
g 0 168 23.188 0 1112 52 67 -14.000 -53.000
g 0 169 49.848 1582 551 78 70 -14.000 -55.000
g 0 171 28.328 199 1298 57 51 -14.000 -37.000
g 0 172 38.309 257 1298 67 51 -14.000 -37.000
g 0 173 0.000 0 0 0 0 0 0
g 0 174 49.848 1661 551 78 70 -14.000 -55.000
g 0 175 23.242 1107 1112 52 65 -14.000 -51.000
g 0 176 21.109 1196 905 49 68 -14.000 -54.000
g 0 177 38.309 1580 1112 67 61 -14.000 -47.000
g 0 178 20.508 1995 248 49 76 -14.000 -62.000
g 0 179 20.508 0 327 49 76 -14.000 -62.000
g 0 180 15.805 1064 478 44 71 -14.000 -57.000
g 0 181 32.320 809 1112 61 66 -14.000 -41.000
g 0 182 25.648 1246 905 54 68 -14.000 -54.000
g 0 183 12.141 852 1298 41 48 -14.000 -34.000
g 0 184 11.484 54 1351 40 42 -14.000 -16.000
g 0 185 19.660 50 327 48 76 -14.000 -62.000
g 0 187 28.328 325 1298 57 51 -14.000 -37.000
g 0 188 50.750 1109 478 79 71 -14.000 -55.000
g 0 189 52.117 1189 478 80 71 -14.000 -55.000
g 0 190 53.320 1270 478 82 71 -14.000 -55.000
g 0 191 25.102 1384 694 53 69 -14.000 -42.000
g 0 192 36.121 1515 168 64 78 -14.000 -64.000
g 0 193 36.121 1580 168 64 78 -14.000 -64.000
g 0 194 36.121 1305 86 64 79 -14.000 -65.000
g 0 195 36.121 1370 86 64 79 -14.000 -65.000
g 0 196 36.121 1645 168 64 78 -14.000 -64.000
g 0 197 36.121 1131 0 64 81 -14.000 -67.000
g 0 198 48.180 1301 905 77 68 -14.000 -54.000
g 0 199 34.672 1196 0 63 81 -14.000 -55.000
g 0 200 28.328 1710 168 57 78 -14.000 -64.000
g 0 201 28.328 1768 168 57 78 -14.000 -64.000
g 0 202 28.328 1826 168 57 78 -14.000 -64.000
g 0 203 28.328 1043 248 57 77 -14.000 -63.000
g 0 204 14.902 1884 168 45 78 -16.000 -64.000
g 0 205 14.902 1930 168 46 78 -14.000 -64.000
g 0 206 14.902 1977 168 48 78 -16.000 -64.000
g 0 207 14.902 1101 248 45 77 -15.000 -63.000
g 0 208 39.266 1379 905 68 68 -14.000 -54.000
g 0 209 41.891 0 248 70 78 -14.000 -64.000
g 0 210 42.219 1435 86 71 79 -14.000 -64.000
g 0 211 42.219 1507 86 71 79 -14.000 -64.000
g 0 212 42.219 1579 86 71 79 -14.000 -64.000
g 0 213 42.219 1651 86 71 79 -14.000 -64.000
g 0 214 42.219 71 248 71 78 -14.000 -63.000
g 0 215 38.309 0 1240 67 57 -14.000 -43.000
g 0 216 42.219 1353 478 71 71 -14.000 -55.000
g 0 217 38.473 1723 86 67 79 -14.000 -64.000
g 0 218 38.473 1791 86 67 79 -14.000 -64.000
g 0 219 38.473 1859 86 67 79 -14.000 -64.000
g 0 220 38.473 143 248 67 78 -14.000 -63.000
g 0 221 30.953 211 248 59 78 -14.000 -64.000
g 0 222 31.363 1448 905 60 68 -14.000 -54.000
g 0 223 30.461 1425 478 59 71 -14.000 -56.000
g 0 224 28.492 946 404 57 72 -14.000 -56.000
g 0 225 28.492 1773 327 57 73 -14.000 -57.000
g 0 226 28.492 1831 327 57 73 -14.000 -57.000
g 0 227 28.492 1740 551 57 70 -14.000 -54.000
g 0 228 28.492 1438 694 57 69 -14.000 -53.000
g 0 229 28.492 1004 404 57 72 -14.000 -56.000
g 0 230 46.594 68 1240 75 57 -14.000 -42.000
g 0 231 25.867 1509 905 54 68 -14.000 -42.000
g 0 232 29.285 1485 478 58 71 -14.000 -56.000
g 0 233 29.285 1062 404 58 72 -14.000 -57.000
g 0 234 29.285 1121 404 58 72 -14.000 -57.000
g 0 235 29.285 1564 905 58 68 -14.000 -53.000
g 0 236 13.562 1544 478 44 71 -16.000 -57.000
g 0 237 13.562 1589 478 44 71 -14.000 -57.000
g 0 238 13.562 1634 478 44 71 -15.000 -57.000
g 0 239 13.562 53 1112 46 67 -16.000 -53.000
g 0 240 31.309 1679 478 60 71 -14.000 -56.000
g 0 241 31.691 1623 905 60 68 -14.000 -54.000
g 0 242 32.812 1180 404 61 72 -14.000 -57.000
g 0 243 32.812 1242 404 61 72 -14.000 -57.000
g 0 244 32.812 1304 404 61 72 -14.000 -57.000
g 0 245 32.812 1496 694 61 69 -14.000 -54.000
g 0 246 32.812 1684 905 61 68 -14.000 -53.000
g 0 247 38.309 460 1180 67 58 -14.000 -44.000
g 0 248 32.812 528 1180 61 58 -14.000 -42.000
g 0 249 31.691 1366 404 60 72 -14.000 -57.000
g 0 250 31.691 1427 404 60 72 -14.000 -57.000
g 0 251 31.691 1488 404 60 72 -14.000 -57.000
g 0 252 31.691 1746 905 60 68 -14.000 -53.000
g 0 253 27.098 86 0 55 85 -14.000 -57.000
g 0 254 32.922 1260 0 61 81 -14.000 -54.000
g 0 255 27.098 1322 0 55 81 -14.000 -53.000
g 0 8364 30.188 1798 551 59 70 -14.000 -55.000
g 0 8211 28.000 1535 1298 56 44 -14.000 -30.000
g 0 8212 56.000 1592 1298 84 44 -14.000 -30.000
g 0 8230 41.043 551 1351 69 35 -14.000 -20.000
g 0 8222 21.109 1878 1298 57 43 -22.000 -21.000
g 0 8220 21.109 1558 694 49 69 -14.000 -55.000
g 0 8221 21.109 1807 905 49 68 -14.000 -54.000
g 0 8218 12.824 1936 1298 41 43 -14.000 -21.000
g 0 8216 12.824 1608 694 41 69 -14.000 -55.000
g 0 8217 12.824 1857 905 41 68 -14.000 -54.000
g 0 8226 22.750 663 1298 51 49 -14.000 -35.000
g 1 32 15.449 0 0 0 0 0 0
g 1 33 18.320 1650 694 47 69 -14.000 -54.000
g 1 34 27.617 1899 905 56 68 -14.000 -54.000
g 1 35 33.168 1956 905 62 68 -14.000 -54.000
g 1 36 32.211 1927 86 61 79 -14.000 -59.000
g 1 37 48.562 1889 327 77 73 -14.000 -55.000
g 1 38 47.578 1858 551 76 70 -14.000 -54.000
g 1 39 16.406 0 974 45 68 -14.000 -54.000
g 1 40 20.672 1147 248 49 77 -14.000 -54.000
g 1 41 20.672 1197 248 49 77 -14.000 -54.000
g 1 42 25.484 46 974 54 68 -14.000 -54.000
g 1 43 39.594 590 1180 68 58 -14.000 -44.000
g 1 44 15.176 1677 1298 44 44 -14.000 -21.000
g 1 45 22.641 1184 1298 51 45 -14.000 -31.000
g 1 46 15.176 150 1351 44 38 -14.000 -23.000
g 1 47 24.828 1247 248 55 77 -15.000 -56.000
g 1 48 32.211 1698 694 61 69 -14.000 -54.000
g 1 49 32.211 101 974 61 68 -14.000 -54.000
g 1 50 32.211 163 974 61 68 -14.000 -54.000
g 1 51 32.211 1760 694 61 69 -14.000 -54.000
g 1 52 32.211 225 974 61 68 -14.000 -54.000
g 1 53 32.211 1822 694 61 69 -14.000 -54.000
g 1 54 32.211 1884 694 61 69 -14.000 -54.000
g 1 55 32.211 100 1112 61 67 -14.000 -53.000
g 1 56 32.211 1946 694 61 69 -14.000 -54.000
g 1 57 32.211 0 765 61 69 -14.000 -54.000
g 1 58 15.176 659 1180 44 58 -14.000 -43.000
g 1 59 15.176 871 1112 44 66 -14.000 -43.000
g 1 60 39.594 136 1180 68 59 -14.000 -45.000
g 1 61 39.594 0 1298 68 52 -14.000 -38.000
g 1 62 39.594 205 1180 68 59 -14.000 -45.000
g 1 63 24.527 62 765 53 69 -14.000 -54.000
g 1 64 53.430 271 248 82 78 -14.000 -52.000
g 1 65 39.375 287 974 68 68 -14.000 -53.000
g 1 66 35.902 356 974 64 68 -14.000 -54.000
g 1 67 34.945 116 765 63 69 -14.000 -54.000
g 1 68 41.289 421 974 70 68 -14.000 -54.000
g 1 69 29.805 492 974 58 68 -14.000 -54.000
g 1 70 29.121 551 974 57 68 -14.000 -53.000
g 1 71 39.812 180 765 68 69 -14.000 -54.000
g 1 72 42.902 162 1112 71 67 -14.000 -53.000
g 1 73 17.746 234 1112 46 67 -14.000 -53.000
g 1 74 24.938 1378 0 53 81 -14.000 -54.000
g 1 75 36.340 249 765 65 69 -14.000 -55.000
g 1 76 28.629 609 974 57 68 -14.000 -54.000
g 1 77 53.594 281 1112 82 67 -14.000 -53.000
g 1 78 44.242 667 974 73 68 -14.000 -54.000
g 1 79 42.465 315 765 71 69 -14.000 -54.000
g 1 80 34.398 741 974 63 68 -14.000 -54.000
g 1 81 42.465 0 168 71 79 -14.000 -54.000
g 1 82 36.559 805 974 66 68 -14.000 -54.000
g 1 83 31.391 387 765 60 69 -14.000 -54.000
g 1 84 32.812 448 765 61 69 -14.000 -54.000
g 1 85 40.496 872 974 69 68 -14.000 -53.000
g 1 86 37.352 942 974 66 68 -14.000 -54.000
g 1 87 56.273 1009 974 85 68 -14.000 -54.000
g 1 88 36.695 364 1112 65 67 -14.000 -53.000
g 1 89 33.988 1095 974 63 68 -15.000 -54.000
g 1 90 33.988 1159 974 62 68 -14.000 -54.000
g 1 91 20.672 99 327 49 76 -14.000 -53.000
g 1 92 24.418 1303 248 55 77 -15.000 -56.000
g 1 93 20.672 149 327 49 76 -14.000 -53.000
g 1 94 39.594 1222 974 68 68 -14.000 -54.000
g 1 95 23.242 456 1351 52 36 -14.000 -14.000
g 1 96 17.582 1935 551 46 70 -14.000 -56.000
g 1 97 30.133 704 1180 59 58 -14.000 -42.000
g 1 98 34.727 1740 478 63 71 -14.000 -56.000
g 1 99 26.879 899 1240 55 56 -14.000 -41.000
g 1 100 34.672 1549 404 63 72 -14.000 -56.000
g 1 101 30.297 144 1240 59 57 -14.000 -42.000
g 1 102 21.465 1982 551 51 70 -14.000 -56.000
g 1 103 34.672 510 765 63 69 -14.000 -42.000
g 1 104 33.715 0 623 62 70 -14.000 -56.000
g 1 105 15.914 63 623 44 70 -14.000 -56.000
g 1 106 15.914 324 0 48 84 -18.000 -56.000
g 1 107 31.309 108 623 60 70 -14.000 -56.000
g 1 108 15.914 169 623 44 70 -14.000 -56.000
g 1 109 51.297 955 1240 80 56 -14.000 -42.000
g 1 110 33.879 1036 1240 62 56 -14.000 -42.000
g 1 111 34.234 204 1240 63 57 -14.000 -42.000
g 1 112 34.727 574 765 63 69 -14.000 -42.000
g 1 113 34.672 638 765 63 69 -14.000 -42.000
g 1 114 22.285 1099 1240 51 56 -14.000 -42.000
g 1 115 24.637 268 1240 53 57 -14.000 -42.000
g 1 116 21.793 1160 1112 50 65 -14.000 -50.000
g 1 117 33.879 1151 1240 62 56 -14.000 -41.000
g 1 118 30.352 1214 1240 59 56 -14.000 -41.000
g 1 119 44.652 1274 1240 73 56 -14.000 -41.000
g 1 120 30.926 1598 1240 59 55 -14.000 -41.000
g 1 121 30.133 702 765 60 69 -15.000 -41.000
g 1 122 26.824 1658 1240 55 55 -14.000 -41.000
g 1 123 20.672 199 327 49 76 -14.000 -53.000
g 1 124 18.266 373 0 47 84 -14.000 -57.000
g 1 125 20.672 249 327 49 76 -14.000 -53.000
g 1 126 39.594 715 1298 68 49 -14.000 -35.000
g 1 160 15.449 0 0 0 0 0 0
g 1 161 18.320 1291 974 47 68 -14.000 -42.000
g 1 162 32.211 763 765 61 69 -14.000 -49.000
g 1 163 32.211 1339 974 61 68 -14.000 -54.000
g 1 164 31.145 764 1180 60 58 -14.000 -44.000
g 1 165 32.211 1401 974 61 68 -14.000 -54.000
g 1 166 18.266 421 0 47 84 -14.000 -57.000
g 1 167 27.180 1613 404 56 72 -14.000 -55.000
g 1 168 25.867 825 765 54 69 -14.000 -55.000
g 1 169 48.945 880 765 77 69 -14.000 -54.000
g 1 171 32.539 383 1298 61 51 -14.000 -37.000
g 1 172 39.594 69 1298 68 52 -14.000 -38.000
g 1 173 0.000 0 0 0 0 0 0
g 1 174 48.945 958 765 77 69 -14.000 -54.000
g 1 175 23.242 430 1112 52 67 -14.000 -53.000
g 1 176 21.273 1463 974 50 68 -14.000 -54.000
g 1 177 39.594 1211 1112 68 64 -14.000 -50.000
g 1 178 22.641 299 327 51 76 -14.000 -62.000
g 1 179 22.641 351 327 51 76 -14.000 -62.000
g 1 180 16.980 1036 765 45 69 -14.000 -55.000
g 1 181 34.316 916 1112 63 66 -14.000 -41.000
g 1 182 28.520 1514 974 57 68 -14.000 -54.000
g 1 183 15.176 894 1298 44 47 -14.000 -33.000
g 1 184 12.059 1978 1298 41 43 -14.000 -16.000
g 1 185 22.066 403 327 50 76 -14.000 -62.000
g 1 187 32.539 445 1298 61 51 -14.000 -37.000
g 1 188 53.320 0 404 82 73 -14.000 -55.000
g 1 189 54.059 83 404 82 73 -14.000 -55.000
g 1 190 54.824 166 404 83 73 -14.000 -55.000
g 1 191 24.527 1082 765 53 69 -14.000 -42.000
g 1 192 39.375 72 168 68 79 -14.000 -64.000
g 1 193 39.375 141 168 68 79 -14.000 -64.000
g 1 194 39.375 166 86 68 80 -14.000 -65.000
g 1 195 39.375 1432 0 68 81 -14.000 -66.000
g 1 196 39.375 1501 0 68 81 -14.000 -66.000
g 1 197 39.375 469 0 68 84 -14.000 -69.000
g 1 198 52.363 1572 974 82 68 -15.000 -54.000
g 1 199 34.945 1570 0 63 81 -14.000 -54.000
g 1 200 29.805 354 248 58 78 -14.000 -64.000
g 1 201 29.805 413 248 58 78 -14.000 -64.000
g 1 202 29.805 210 168 58 79 -14.000 -65.000
g 1 203 29.805 235 86 58 80 -14.000 -66.000
g 1 204 17.746 472 248 48 78 -16.000 -64.000
g 1 205 17.746 521 248 49 78 -14.000 -64.000
g 1 206 17.746 269 168 52 79 -17.000 -65.000
g 1 207 17.746 294 86 50 80 -16.000 -66.000
g 1 208 41.289 1655 974 70 68 -14.000 -54.000
g 1 209 44.242 345 86 73 80 -14.000 -66.000
g 1 210 42.438 322 168 71 79 -14.000 -64.000
g 1 211 42.438 394 168 71 79 -14.000 -64.000
g 1 212 42.438 419 86 71 80 -14.000 -65.000
g 1 213 42.438 1634 0 71 81 -14.000 -66.000
g 1 214 42.438 1706 0 71 81 -14.000 -66.000
g 1 215 39.594 825 1180 68 58 -14.000 -44.000
g 1 216 42.465 1804 478 71 71 -14.000 -55.000
g 1 217 40.496 466 168 69 79 -14.000 -64.000
g 1 218 40.496 536 168 69 79 -14.000 -64.000
g 1 219 40.496 491 86 69 80 -14.000 -65.000
g 1 220 40.496 1778 0 69 81 -14.000 -66.000
g 1 221 33.988 571 248 63 78 -15.000 -64.000
g 1 222 34.398 483 1112 63 67 -14.000 -53.000
g 1 223 35.164 1876 478 64 71 -14.000 -56.000
g 1 224 30.133 1670 404 59 72 -14.000 -56.000
g 1 225 30.133 1941 478 59 71 -14.000 -55.000
g 1 226 30.133 1730 404 59 72 -14.000 -56.000
g 1 227 30.133 0 551 59 71 -14.000 -55.000
g 1 228 30.133 214 623 59 70 -14.000 -54.000
g 1 229 30.133 1314 327 59 74 -14.000 -58.000
g 1 230 46.375 322 1240 75 57 -14.000 -42.000
g 1 231 26.879 1726 974 55 68 -14.000 -41.000
g 1 232 30.297 60 551 59 71 -14.000 -56.000
g 1 233 30.297 274 623 59 70 -14.000 -55.000
g 1 234 30.297 120 551 59 71 -14.000 -56.000
g 1 235 30.297 1136 765 59 69 -14.000 -54.000
g 1 236 15.914 334 623 45 70 -15.000 -56.000
g 1 237 15.914 380 623 47 70 -14.000 -56.000
g 1 238 15.914 428 623 48 70 -16.000 -56.000
g 1 239 15.914 1196 765 50 69 -17.000 -55.000
g 1 240 33.223 1790 404 62 72 -14.000 -57.000
g 1 241 33.879 1247 765 62 69 -14.000 -55.000
g 1 242 34.207 180 551 63 71 -14.000 -56.000
g 1 243 34.207 477 623 63 70 -14.000 -55.000
g 1 244 34.207 244 551 63 71 -14.000 -56.000
g 1 245 34.207 541 623 63 70 -14.000 -55.000
g 1 246 34.180 605 623 63 70 -14.000 -55.000
g 1 247 39.594 1951 1112 68 60 -14.000 -46.000
g 1 248 34.234 1515 1112 64 62 -15.000 -45.000
g 1 249 33.879 1853 404 62 72 -14.000 -57.000
g 1 250 33.879 308 551 62 71 -14.000 -56.000
g 1 251 33.879 371 551 62 71 -14.000 -56.000
g 1 252 33.879 669 623 62 70 -14.000 -55.000
g 1 253 30.133 654 0 60 83 -15.000 -55.000
g 1 254 34.727 1848 0 63 81 -14.000 -54.000
g 1 255 30.133 715 0 60 83 -15.000 -55.000
g 1 8364 32.211 1310 765 61 69 -14.000 -54.000
g 1 8211 28.000 1236 1298 56 45 -14.000 -31.000
g 1 8212 56.000 1293 1298 84 45 -14.000 -31.000
g 1 8230 51.078 195 1351 79 38 -14.000 -23.000
g 1 8222 27.617 1722 1298 67 44 -25.000 -21.000
g 1 8220 27.617 732 623 56 70 -14.000 -56.000
g 1 8221 27.617 1782 974 56 68 -14.000 -54.000
g 1 8218 16.242 1790 1298 45 44 -14.000 -21.000
g 1 8216 16.242 789 623 45 70 -14.000 -56.000
g 1 8217 16.242 1839 974 45 68 -14.000 -54.000
g 1 8226 23.652 610 1298 52 50 -14.000 -36.000
g 2 32 15.121 0 0 0 0 0 0
g 2 33 19.434 1372 765 48 69 -14.000 -54.000
g 2 34 22.062 1885 974 50 68 -14.000 -54.000
g 2 35 31.359 1280 1112 60 64 -14.000 -50.000
g 2 36 31.359 851 327 61 75 -14.000 -57.000
g 2 37 46.312 1421 765 75 69 -14.000 -54.000
g 2 38 50.289 1497 765 79 69 -14.000 -54.000
g 2 39 13.328 1936 974 42 68 -14.000 -54.000
g 2 40 20.945 561 86 55 80 -14.000 -54.000
g 2 41 20.945 617 86 54 80 -19.000 -54.000
g 2 42 25.930 835 623 55 70 -14.000 -56.000
g 2 43 31.359 1648 1112 60 61 -14.000 -47.000
g 2 44 17.137 939 1298 48 47 -16.000 -23.000
g 2 45 23.184 988 1298 52 47 -14.000 -33.000
g 2 46 16.184 275 1351 45 38 -14.000 -23.000
g 2 47 19.266 454 327 53 76 -17.000 -54.000
g 2 48 31.359 1577 765 60 69 -14.000 -54.000
g 2 49 31.359 1979 974 60 68 -14.000 -54.000
g 2 50 31.359 0 1043 61 68 -15.000 -54.000
g 2 51 31.359 1638 765 62 69 -14.000 -54.000
g 2 52 31.359 62 1043 61 68 -15.000 -54.000
g 2 53 31.359 1916 404 62 72 -14.000 -57.000
g 2 54 31.359 891 623 60 70 -14.000 -55.000
g 2 55 31.359 124 1043 61 68 -14.000 -54.000
g 2 56 31.359 1701 765 60 69 -14.000 -54.000
g 2 57 31.359 952 623 60 70 -14.000 -55.000
g 2 58 19.098 894 1180 47 58 -14.000 -43.000
g 2 59 18.703 547 1112 48 67 -15.000 -43.000
g 2 60 31.359 1709 1112 60 61 -14.000 -47.000
g 2 61 31.359 1714 1240 60 55 -14.000 -41.000
g 2 62 31.359 1770 1112 60 61 -14.000 -47.000
g 2 63 28.281 1762 765 59 69 -14.000 -54.000
g 2 64 57.512 606 168 86 79 -14.000 -54.000
g 2 65 40.543 186 1043 72 68 -17.000 -54.000
g 2 66 36.062 1822 765 67 69 -16.000 -54.000
g 2 67 36.512 1890 765 67 69 -14.000 -54.000
g 2 68 41.105 1958 765 72 69 -16.000 -54.000
g 2 69 33.711 259 1043 67 68 -16.000 -54.000
g 2 70 32.031 327 1043 67 68 -16.000 -54.000
g 2 71 39.703 0 835 69 69 -14.000 -54.000
g 2 72 42.895 395 1043 78 68 -16.000 -54.000
g 2 73 20.664 474 1043 54 68 -15.000 -54.000
g 2 74 20.215 1359 248 56 77 -17.000 -54.000
g 2 75 39.480 529 1043 74 68 -16.000 -54.000
g 2 76 32.312 604 1043 63 68 -16.000 -54.000
g 2 77 51.855 668 1043 87 68 -16.000 -54.000
g 2 78 42.281 70 835 78 69 -16.000 -54.000
g 2 79 42.055 149 835 71 69 -14.000 -54.000
g 2 80 35.504 756 1043 68 68 -16.000 -54.000
g 2 81 42.617 672 86 71 80 -14.000 -54.000
g 2 82 38.754 825 1043 69 68 -16.000 -54.000
g 2 83 31.137 221 835 62 69 -14.000 -54.000
g 2 84 37.070 895 1043 71 68 -14.000 -54.000
g 2 85 40.039 284 835 74 69 -14.000 -54.000
g 2 86 40.824 359 835 75 69 -14.000 -54.000
g 2 87 57.625 435 835 92 69 -14.000 -54.000
g 2 88 40.488 967 1043 76 68 -17.000 -54.000
g 2 89 38.922 1044 1043 73 68 -14.000 -54.000
g 2 90 35.336 1118 1043 66 68 -14.000 -54.000
g 2 91 18.145 1912 0 54 81 -16.000 -54.000
g 2 92 21.391 508 327 56 76 -18.000 -54.000
g 2 93 18.145 1967 0 53 81 -18.000 -54.000
g 2 94 28.449 1185 1043 57 68 -14.000 -54.000
g 2 95 22.961 95 1351 54 39 -17.000 -14.000
g 2 96 18.871 434 551 48 71 -14.000 -57.000
g 2 97 31.527 942 1180 60 58 -14.000 -43.000
g 2 98 31.641 483 551 60 71 -14.000 -56.000
g 2 99 24.922 1003 1180 54 58 -14.000 -43.000
g 2 100 31.922 544 551 61 71 -14.000 -56.000
g 2 101 26.434 1058 1180 55 58 -14.000 -43.000
g 2 102 17.695 897 0 61 82 -19.000 -56.000
g 2 103 29.121 1013 623 65 70 -18.000 -44.000
g 2 104 32.535 606 551 61 71 -14.000 -56.000
g 2 105 17.023 668 551 46 71 -14.000 -56.000
g 2 106 16.742 959 0 51 82 -19.000 -56.000
g 2 107 30.184 715 551 59 71 -14.000 -56.000
g 2 108 16.742 775 551 46 71 -14.000 -56.000
g 2 109 47.543 1114 1180 76 58 -14.000 -43.000
g 2 110 32.930 1191 1180 61 58 -14.000 -43.000
g 2 111 30.742 1253 1180 59 58 -14.000 -43.000
g 2 112 32.031 528 835 61 69 -15.000 -43.000
g 2 113 30.574 590 835 59 69 -14.000 -43.000
g 2 114 24.359 398 1240 55 57 -14.000 -43.000
g 2 115 24.191 1313 1180 54 58 -15.000 -43.000
g 2 116 20.551 1341 1112 50 64 -14.000 -49.000
g 2 117 32.762 1368 1180 61 58 -14.000 -43.000
g 2 118 26.938 1430 1180 57 58 -14.000 -43.000
g 2 119 42.672 1488 1180 72 58 -14.000 -43.000
g 2 120 28.336 1561 1180 60 58 -16.000 -43.000
g 2 121 27.273 650 835 58 69 -15.000 -43.000
g 2 122 26.207 1831 1112 58 61 -16.000 -43.000
g 2 123 19.938 0 86 53 81 -14.000 -54.000
g 2 124 13.160 565 327 42 76 -14.000 -54.000
g 2 125 19.938 54 86 52 81 -18.000 -54.000
g 2 126 31.359 138 1298 60 52 -14.000 -38.000
g 2 160 15.121 0 0 0 0 0 0
g 2 161 19.434 1243 1043 48 68 -14.000 -43.000
g 2 162 31.359 913 327 60 75 -14.000 -51.000
g 2 163 31.359 1292 1043 63 68 -15.000 -54.000
g 2 164 31.359 1890 1112 60 61 -14.000 -47.000
g 2 165 31.359 1356 1043 68 68 -14.000 -54.000
g 2 166 13.160 608 327 42 76 -14.000 -54.000
g 2 167 31.695 250 404 60 73 -14.000 -54.000
g 2 168 29.121 709 835 59 69 -14.000 -55.000
g 2 169 45.527 1425 1043 74 68 -14.000 -50.000
g 2 170 25.762 1500 1043 54 68 -14.000 -54.000
g 2 171 28.000 1775 1240 57 55 -14.000 -41.000
g 2 172 30.633 507 1298 59 51 -14.000 -37.000
g 2 173 0.000 0 0 0 0 0 0
g 2 174 39.199 769 835 68 69 -14.000 -55.000
g 2 175 27.496 596 1112 57 67 -14.000 -53.000
g 2 176 22.848 1555 1043 51 68 -14.000 -54.000
g 2 177 31.359 1607 1043 60 68 -14.000 -54.000
g 2 178 24.641 1374 327 56 74 -14.000 -60.000
g 2 179 24.641 311 404 57 73 -14.000 -59.000
g 2 180 29.793 822 551 58 71 -14.000 -57.000
g 2 181 34.832 838 835 64 69 -14.000 -43.000
g 2 182 30.633 744 86 59 80 -14.000 -54.000
g 2 183 13.160 567 1298 42 51 -14.000 -37.000
g 2 184 24.922 0 1351 53 43 -14.000 -14.000
g 2 185 24.641 1431 327 53 74 -14.000 -60.000
g 2 186 24.977 1668 1043 53 68 -14.000 -54.000
g 2 187 28.000 1833 1240 57 55 -14.000 -41.000
g 2 188 53.367 903 835 82 69 -14.000 -54.000
g 2 189 57.457 986 835 86 69 -14.000 -54.000
g 2 190 54.602 1073 835 83 69 -14.000 -54.000
g 2 191 27.215 1157 835 58 69 -16.000 -43.000
g 2 192 40.543 693 168 72 79 -17.000 -65.000
g 2 193 40.543 766 168 72 79 -17.000 -65.000
g 2 194 40.543 839 168 72 79 -17.000 -65.000
g 2 195 40.543 1416 248 72 77 -17.000 -63.000
g 2 196 40.543 651 327 72 76 -17.000 -62.000
g 2 197 40.543 635 248 72 78 -17.000 -64.000
g 2 198 53.367 1722 1043 88 68 -17.000 -54.000
g 2 199 36.512 538 0 67 84 -14.000 -54.000
g 2 200 33.711 912 168 67 79 -16.000 -65.000
g 2 201 33.711 980 168 67 79 -16.000 -65.000
g 2 202 33.711 1048 168 67 79 -16.000 -65.000
g 2 203 33.711 724 327 67 76 -16.000 -62.000
g 2 204 20.664 1116 168 54 79 -15.000 -65.000
g 2 205 20.664 1171 168 55 79 -15.000 -65.000
g 2 206 20.664 1227 168 54 79 -15.000 -65.000
g 2 207 20.664 792 327 58 76 -15.000 -62.000
g 2 208 41.105 1216 835 72 69 -16.000 -54.000
g 2 209 42.281 708 248 78 78 -16.000 -63.000
g 2 210 42.055 804 86 71 80 -14.000 -65.000
g 2 211 42.055 876 86 71 80 -14.000 -65.000
g 2 212 42.055 948 86 71 80 -14.000 -65.000
g 2 213 42.055 787 248 71 78 -14.000 -63.000
g 2 214 42.055 1489 248 71 77 -14.000 -62.000
g 2 215 31.359 1622 1180 60 58 -14.000 -44.000
g 2 216 42.055 1289 835 71 69 -14.000 -54.000
g 2 217 40.039 1020 86 74 80 -14.000 -65.000
g 2 218 40.039 1095 86 74 80 -14.000 -65.000
g 2 219 40.039 1170 86 74 80 -14.000 -65.000
g 2 220 40.039 1561 248 74 77 -14.000 -62.000
g 2 221 38.922 1282 168 73 79 -14.000 -65.000
g 2 222 35.223 1811 1043 67 68 -16.000 -54.000
g 2 223 37.016 1011 0 70 82 -19.000 -56.000
g 2 224 31.527 1979 404 60 72 -14.000 -57.000
g 2 225 31.527 0 478 60 72 -14.000 -57.000
g 2 226 31.527 1485 327 60 74 -14.000 -59.000
g 2 227 31.527 1079 623 60 70 -14.000 -55.000
g 2 228 31.527 1140 623 60 70 -14.000 -55.000
g 2 229 31.527 369 404 60 73 -14.000 -58.000
g 2 230 43.734 1683 1180 72 58 -14.000 -43.000
g 2 231 24.922 61 478 54 72 -14.000 -43.000
g 2 232 26.434 116 478 55 72 -14.000 -57.000
g 2 233 26.434 172 478 56 72 -14.000 -57.000
g 2 234 26.434 1546 327 55 74 -14.000 -59.000
g 2 235 26.434 1201 623 57 70 -14.000 -55.000
g 2 236 17.023 229 478 45 72 -14.000 -57.000
g 2 237 17.023 275 478 50 72 -14.000 -57.000
g 2 238 17.023 1602 327 48 74 -14.000 -59.000
g 2 239 17.023 1259 623 51 70 -14.000 -55.000
g 2 240 29.680 881 551 60 71 -14.000 -56.000
g 2 241 32.930 1311 623 61 70 -14.000 -55.000
g 2 242 30.742 326 478 59 72 -14.000 -57.000
g 2 243 30.742 386 478 59 72 -14.000 -57.000
g 2 244 30.742 1651 327 59 74 -14.000 -59.000
g 2 245 30.742 1373 623 59 70 -14.000 -55.000
g 2 246 30.742 1433 623 59 70 -14.000 -55.000
g 2 247 31.359 1392 1112 60 63 -14.000 -49.000
g 2 248 30.742 1453 1112 61 63 -15.000 -45.000
g 2 249 32.762 446 478 61 72 -14.000 -57.000
g 2 250 32.762 508 478 61 72 -14.000 -57.000
g 2 251 32.762 1711 327 61 74 -14.000 -59.000
g 2 252 32.762 1493 623 61 70 -14.000 -55.000
g 2 253 27.273 776 0 58 83 -15.000 -57.000
g 2 254 32.031 835 0 61 83 -15.000 -57.000
g 2 255 27.273 107 86 58 81 -15.000 -55.000
g 2 8364 31.359 1361 835 67 69 -17.000 -54.000
g 2 8211 34.777 1041 1298 63 47 -14.000 -33.000
g 2 8212 49.336 1105 1298 78 47 -14.000 -33.000
g 2 8230 52.586 321 1351 81 38 -14.000 -23.000
g 2 8222 28.727 1378 1298 57 45 -14.000 -22.000
g 2 8220 28.449 974 327 59 75 -14.000 -61.000
g 2 8221 28.449 654 1112 58 67 -14.000 -53.000
g 2 8218 17.246 1436 1298 46 45 -14.000 -22.000
g 2 8216 16.969 1034 327 48 75 -14.000 -61.000
g 2 8217 16.969 713 1112 47 67 -14.000 -53.000
g 2 8226 26.992 1891 1240 55 54 -14.000 -40.000
g 2 8734 40.543 454 1240 69 57 -14.000 -43.000
g 3 9650 50.793 1879 1043 79 68 -14.000 -54.000
g 3 9654 44.742 1083 327 73 75 -14.000 -57.000
g 3 9660 50.793 1959 1043 79 68 -14.000 -54.000
g 3 9664 44.742 1157 327 73 75 -14.000 -57.000
g 3 9658 41.047 1348 1240 69 56 -14.000 -42.000
g 3 9668 41.047 1418 1240 69 56 -14.000 -42.000
g 3 9733 53.762 1231 327 82 75 -14.000 -60.000
g 3 9734 57.902 1356 168 86 79 -14.000 -62.000
g 3 9824 40.770 1429 835 69 69 -14.000 -55.000
g 3 9827 49.055 1555 623 77 70 -14.000 -56.000
g 3 9829 41.441 1499 835 70 69 -14.000 -55.000
g 3 9830 33.938 1633 623 62 70 -14.000 -55.000
g 3 9828 40.770 1570 835 69 69 -14.000 -55.000
g 3 9831 49.055 1696 623 77 70 -14.000 -56.000
g 3 9825 41.441 1640 835 70 69 -14.000 -55.000
g 3 9826 33.879 1774 623 62 70 -14.000 -55.000
g 3 11014 32.594 1837 623 61 70 -14.000 -54.000
g 3 11015 32.594 1899 623 61 70 -14.000 -54.000
g 3 10003 46.426 570 478 75 72 -14.000 -55.000
g 3 10004 52.078 646 478 80 72 -14.000 -53.000
g 3 10007 37.184 1961 623 66 70 -14.000 -49.000
g 3 10008 42.895 430 404 71 73 -14.000 -51.000
g 3 9679 50.062 502 404 78 73 -14.000 -57.000
g 3 9675 50.062 581 404 78 73 -14.000 -57.000
g 3 9632 46.703 0 694 75 70 -14.000 -55.000
g 3 9633 46.703 76 694 75 70 -14.000 -55.000
g 3 9670 62.105 142 0 90 85 -14.000 -63.000
g 3 9671 62.105 233 0 90 85 -14.000 -63.000
g 3 9819 56.000 660 404 84 73 -14.000 -57.000
g 3 9818 56.000 745 404 84 73 -14.000 -57.000
g 3 9889 36.398 942 551 65 71 -14.000 -55.000
g 3 9728 51.184 1636 248 80 77 -14.000 -54.000
g 3 10084 55.215 980 1112 84 66 -14.000 -48.000
g 3 10022 48.719 727 478 77 72 -14.000 -55.000
g 3 10023 48.719 805 478 77 72 -14.000 -55.000
